63 21111

111 11011 1111005ίο 1911011101101. 110 11011111 11151111111105 110 1 3111115101111110 111 [181711 11011-1101101 1111111
111101111111011. 111111 0111110111 11011 10110510 ’111-11101101 01· 1110111101 111110 11111110 1111111111010. 11011
10110510 1”]οι·111“1101 01101· 1101 111111111 110 11111111 1111110110 Parti 01· 1101· 1111101 1111101 1111111110 111111111
01111 11115 λ’]ἰῃιι, ι111 111111 11011 11101510 1101 1101111 111111 51005 111 11010 1111101 110001 111111111; 111111
10115110 1111111111111110 (1·’10·. 11» 110 17101111 011111 11011 1111101110 1101 1111 1 011 101 111110, 11111 111101,
111111111101, 51111111111111101, 111011 11011 0110 11111111 11111 111100110110 111111111101 1·“111·1101100150, [11111 1111110
1111111111111110 11910. 101 0111011 5111111111· 1101 1111101 11111010, 110111111101, 5111115. ’1101 11110 11011110.
,11101 11111105 111111 110000 111111111111111015 11111011111111 011 11110, ·1100·101111111101, 111011 51011111101100
11015101 1111511101 Tap 111οΙ 0,11 110· 19101 0, 111, 1101· 511111111011 111011 11011 1111010101 1100011110,
111011 11111111111110110 11111011111111 1111111 1001105 1111· 11051011 111 La 0111111 1110111115, 1011 1111515 111 1101
opud 1111]0110 Parii 1111011111· 111111111011111111011 011 101 111150110, 111111111111, 111111111101, 111101111 110
1111001 111111111 101101, 101111110110 511101 01111111150101 viij: 11710. Ι 11,1· 110 1910. 10,01, 1101· 101 11101·-
111051 1111111 11011110105 511111 11011 1011110010110 Par>- 1110111115.

0111111111 11910. 1 111 01· 1111110111101 1111511111οί 110110010 1111 11111111111111·115 111111 01111 11115
ΑἘζῐα, 00 11011 01 51111111010 110· 11111 011 110001 111111011 1Γ111111. 1510 110 :mic Led 010 110110010,
21101 1101] 11011010 01111 11115 Asgsa 110 ikke 1110001 110110010 01111 1510 11011ς 1101111051 01 11111510-

1·11·11111110011 pan 31110 og 2th Lod 11·’10·.1 11 110 Fig. 1 11 11101011 1111001 10111100101 00 111111111111101.

3. Forstc 1’111· 1011111101· 11710101 11111001 1111 5111111110 Par 11115 *Egla 1011, 111 1510
1,011 01· 1111111110 00 11015 19110· 5)·1105 111 11010 111151 111111011, 5111111 1011 111 :mis- 1,011 01· 511111-

11010, 1100 1110111 1 11010 111011011011 110· 0111101 111011 011 01111011 5110111 11100 110 1111010, 1111151111.

-1, 1111101 Par 111101101 119101 111 01· 1111511111101 51111111010 110 1111111111 1111001
1101101110 01111 1105 Assya psora: 11011 ι11110 19110 11111 1011 801115011 111111 1111111110111101’111111-
11011111110.

,5. 1111 10110111111101·110 11910. Ι, 0, 1310, Ι 1 110· 1Γ10. Ι k) 1111100 1110001 1111 χΈῃαᾊῑ 11011
111051 111111051111110011110 1”111·511,101 01, 111 1111111 [1110111111 1111011 1115501111111 lx 1111 01· 1 51111111
111 111, 5111101110 :3 Led 1 11101· 1111011011111, 1510 Led 01 1110151 11011, 0111111005 111151 1011
0111ἰ·1ι·1111111111111, og 11015 111111101111 01· 1110001 10111100101. 2110111011 01· 1· 11111111 11100· 01 110111-Γ 0 1· 1·
01111 1105 Ass) 11 00 11101· 1101111011 51111 1111101 50111 11051011 1111111011011111011, 111011 1101, 01· 1111 11051111
111151111101 1011 011 3111111110115111011111110 111 21101 110 911110 Led, 110· 1110101· 1111111 pua 11111015111011 011
Fug- i 1·“01·111 111011 11110, 5111111 lum-os. ’21101 Lm! 110001· 1 ,11111111111011 511111111011 111011 5111
1111111111111111 01111510 50111 1105 01111111, 1’111[1011 11110100101· 1111001 1111 11111111111011 110 1111101 1105011
5111101 1111001 111111 1111111. Ρ11111011 1105111111, 501 11110111111, 111111 1112 1,011, 111 11111110 1101 1111510 01
101 1111501101, 1111001 1111110010 01111 1110111 00 1111111101 1011 011 5111111110115111011111110· 111 11]101101“11110115
1110 110 ,310 1,011; 5111510 11011 01, 501 11110111111, 1110001 111111, 101 1110111 110· 1111105 1«“111·1·111111011
111-1111οΙ 111011 s1 51101110, ’11111101 505 110110 11011 111110111111, 111111110011111111, 111 11015 111100510 1111111101

01 51111111 11111101· 1101 11111100 11011. 111 1101 01 11111111οΙ 1011 011 11151 Δ*01111110011111111ιο 111 *2 Led

