268 32

1Χ11·51 01101· 1111111111010110 010 11 101111011οιιο 110 1 5)·510111111151 11011501;·11110 110110510
1110111101. Ι 110105 1110111110· 11111· 100· 11111111011111 11111 1111111οΙ 01, 0110510 1·’111·110111, [511111
11111 1110110 111110110101· 1111· 191111111101110. 110· 1101 01· 7110 110115 110· 1111113115 1“11-
1111111015101110 111111 (le 21 10110510 1101111111, 1105 (fflnothoidce 111111 11110, 1101111111101101, 11011111ζο·
11011 101111110 1110110110 111 111550 ’2 11010, 110105 1110110110 111511111111011 1 1301110111 111 me Lod 110·
11111 110 111511111111011 (11111110 111111111·011·1100 01101· cj. 110111110011 11115 110 101511011100 1³:1-
milior 110· snm-101 11111105 1111111111 1 1101 10111111051111011(Ιο ,1151111ς 1111· 1ἶ11111111111011105 1011110111-
111011110 01 11011 111 111-11111510 1111111110 1111010110 011111111 [11111 11111100, Side.

Af 110 5101110105 1011100 1111111110101, 50111 11101105 111 1111351011 11110 11010 1 111111510101101,
11111110 11111 01111510 saa 11111005 50111 11101101· 1111· Ι·“1111111101·, ι111 111· 010 111051011 11110 111 1011111101Ῑο
1111110101111101 11011111111110· 1 51111 1101150011110, 1111 110. 1·οΙ 11111110 1110110 5111111011110, 111011 1110
0111115110, 111110110101. 1111511111οᾫ 1110110 11011111011 00110 8110015111101101, 110. 110511· 11111 Δ11115-
111101101 og 110010 01111110 11111 5011111111010 111111151111111101. ,100 111 1111110110· 1111111110 1111111110101110
110· 110105 11101111 00· 101011101101· 111 1100111110 111011 110111, 11115 1311101011151 11111 010 11111115-
111101101,

1. 1111110111111 111115011111111. 11Ιο 1111101110 1111111101 111110, 511111 110111011111, 01
01111011101101 10111110110, 111101111011110 1111 11111015111011 111 ῗ1101 1’111· 111110110115 111110101011 110Γ 011051
11011011 110111105 111-111111. nonne (1111101 1101100005 1110001 1111110, 11011 11001111101 511111 011
111111 1011 011 1110110110111110 1115111 1111101111111, 1111105 01 ι811110 111 11011 1111111111111110110 Ρ10011011-(110115
11111011111111, 110· 1011 0111111111110011110 111111511110 1111101 11011 011 111, 111101111οὶ 1110111οΙ50. 1105
Cirolana borealis Lilljeb. 11111· ι100· 1111111111 1111111150 11011 1’1’1111.1, 1·’10·.1 11) 511111 111 11111101 1105
011 11110· 111111, 1101· 1110 1101110. 11111101 1111111101011 111011 1111011 1111115 [001-111511011011οῑ 11115 Coral-
lana tricornis 11511. 11111· 100· 111111101 11011 111111 01, κῖ11·111]11111·, 1101 1111111 maalle ³5 11111011 1111110
1111115 [11011011ος 11115 011 1101110151 115101, 11111 omn* 111110 111111111111011104 1100, 1101· 011111111
11051111 1100110 1105101111110· 111511111111101111111· 111111 111111011οι- 110· 5111510 1111101011, 11111· ,100 1100101105
111111101 11011 511111 01 1111 10111110110 1111111, 1710. 3111. 11115 51111111111110 111001· 11111 (1111101011
11111111011111 11111110· 5111 1111110 1111110110, 00 0111101100 1901111, 11111101 11011 11511101 111151
01111111117 1111111· 11114101 0111110111 110· 11011-1110511101101. 11115 1111110 1111111101· 111 11010, Δ91110101·(011-01111111,
Eurydice> 01111111010115 1⁴'‹›1·111 111151101ϋο 1111 Δ111 111 111, 11111101 111 11011101111 1111111110 Ι“’1011101·,
111011 110115 1111101111111011 511111 111151111111101 111115111011105 ι111 1110001 1011, 111 11011 111151, 0111111111·
5111 111-111111110 19111111 11115 1111110 111-1, 110 111, 11011 11111 11111105 11115 1101 0110 11111111. — 1105 51100101]
lz'urgsaelim’ 01 11011111Ι 11111101 11111010 110· 111-011011· 110· 1111110111101 111110011· 110110 111111 1111101010110115

111111111111111 01111 11115 11110011 111111011 111-1· 1111111111 Ι·’111·111; 11011110 1311151101 11101101· 51111101105 011

1111111101· :liu⁴ 011 0111011 111111 11111 111111· 1 11110011115011, Q· 1111111101111· 111111· 11111 111111111111110, 111111 111111-
1101111· 1011111111· Ι<1111111110511011

