284 48

1111 1101 11101· 11101 1 Spiritus. 151111111101111011 [1110111115 5011010 111011110110 1110111100150 11111
Cir. borealis.) 1’1111 011 1110111κο Exemplar& 111 11010 111-101· 01· 011 5111110 Del 111 111105111011
11011110110 0110115101 111111 011 110110111Ιο 1111111111 511111 11115 Λίῃα, 111011 11110 1110111011 1 51111 51111·
1115111011111110 01101· i 51111 11111 1111111 511111 11115 511151111011110 811001. 111·.1)ι·. 1111111011 11111111,
λΙ11101111111011101 111 C. antillensis 110111110110 1111110101. 111011 11101110 1100, 111 1101 110511111 111 11101·-
511·1110110 1111511101.

11111111111111101110 010 1111100 110105 ’1’111011111110 1110001 110110001100, 00 1101 1111111 110 0051111
11010 1111111111111110 1101111105, 1111 10115110 1111111111111110 1 111110. 1110111101 over 011 51111 51111· Part
111 1111110, 1111111111111110, 111 1101· 11110105 011 11011110110 11111111111011 11110115110 Ιί11111111111110 101, 111
1100005 80111501· 111111110 111110 1110 as 11111111111011. 1111 110000 1111111010 1ί1111501111111, 010 110 01111511(1
1111111001100 111 ’1’)·0111110·. 11111100011101 1111111101· 011 111110, 51111111111111101, 111111111, 11111 11111111 mik,
1101 111001· 51101111 op 0101 110 1111100 1111111111010. 110 1105 Cor. tricornis 11101105 11051111011 111111
10115110 1111111111111110 ζ), pua hojre Ι 51111111 1111111, 51111 111 11111111111111101Ὶ10 1111111111 11111005 pan 011
1111001 11011011110 1111111110 50111 1105 0100101111, 111 111111111111110 111 Κ]11115111111]101·; 11115 G. antillensis
110 11010 0111110 111101· 010 110 111011110 ’111-111101· 1·111111110111101·0 01101· 1111111010, og Kindbakkerne
110110 510 saa 11111111Ῥ11101 111 1 011 171111 110 111011 51111· 111-1111, 111 111110 01 11111 pass 01 5111110 Dyr,
51111 111 11101101 11111101· 51101111, og 110 1111111, 5111011111 1101 101011011111101 mig 1111151101101 111. 1111511111,
vol 11051111 1111100 1111111011101 111 Τ111-111011 111111110 11111110 01101· 1111110111150 Κ]1111511111η101·. 11111110-
111111101 111 :mie Led pua 1111510 Rjaehepar sorekommer 11110 111 11010 11111111011101 5111111101 111
111-111110 111 111111015111110 Kindlmkkens xirksomhed 111011 111011101- 110511101110, 1111011101100, 1110001,
110110001100 111111011111110 110 Foru] 111 110110 110115 110111111111 11115501· 1105110 00111 11011110111. Audet
Ρ111· 1111111101· 51111101· 1151111111 011 0111151ςο 1111110101111101 1111110, En 111111101101111111011105 1105011111001·0
19111111101101· 01· 1151111111· 11011 111 11110100 111011 111 111 111111110 110011011115111110011 101· 11011 511110.
5111101111111110110 1111111011, 1101· furer 11111 111 51101001, 81101001 01· [11111111111011110 1111101, 110 110110
110001· 11051111 11011 111111, 111 hyrene ikke 010 10110 111111111111111010, 111011 51111115)·111101·15 1 5111111011-
50011110 (11111110. 011 λ101101111“01·111 1110110111 Οιῖνοίιιηα 110· Aiga.

.Ιο0· 1111111001· 1101101, 111, 11011111111101110 11111111110 1315110, 01101 1111010, 510110 1111· 1111011
1(11111511111, 111110 11111 1 011 131111, 10110 1111001 111 11101101, 111-111110 1101 111111111011110 111011 og 1111111110
1101111111 110105 1111“01·; 111 110 1015111011100 111101· 111110 011 1111001 1111511101110 11010115 00 11111115110
01111110 111 011 115 1111111 1101110 510111 111-1· 111· [111-5111011100 111115501- 01· 511111151111101 [11111 (11111111
111 Ι<’111·5Ι1]0110110 1 311111111110111110011. (ἱ11111111ιιιο11105 1110111110· 111 11011 110· 111110 111101· 11051111
111111, 111 110 11011000 510· 111’110·1; 11111111111015011 111 110105 11011 11501, 111 111550 ikke 11111005
111 15115111110111110 1111· 110110010 ’1’111, 111011 11110 1151111111 111111110 111110111105 111 1Γ1151111111111·011 [11111
11011010 Ἰ’111.

Ι901 111-(10111111 11]0111105 011Γοι-αίίιιηιι 101 1111 111Ιο 1111100 ΙΓ1111111101· 1011, 111 11111111111111101Ἱ10
111110 51101111 111111111 111011 110105 111110510, 1110001 1111501100 l‘nrli7 1101· 01· 1110111, 1110511111

111101110111101. 11111. 51101111 1111511111011110. 110 10115110 1111111111111110 0111101 111011 011 m ess 01

