424 1

oe
w

11100 11110 0111011111110 5111115111110, Ι,0 11111111110 1105 111-110105 1111115 10 1111001111111 1105 111110111111105
01 1105 111110111105 1101101111 110 11100 110 1’11111111111 01 111101111101“1115 1111 5010, 01, 011 00 11111 01111-
0011ιο 10 1111001111111 1105 111110111105, 11 11051, 11115 111111 111115 011115111111, 011οκ 105 1111111111111 1111111105,
110 511110 111111 111111 0110 01101111511001. 1111115 1’011’1111111 110 005 011111010105, Si 111115 105 50011101115
110 1’11111111111011 511111, 1151111115, on 51 10 1⁰¹* 01, 11110 11111110 1111 ‘20 511111 100111110115 11111· 10 ’1ο
5001110111,1111111101111107 00111 1101101111 5111110111 1111551 110 111 0111111110111111 110 1’11111111111 111111· 105
11011105 1111 Cir-olmuz Cranelzii, ΡΙ. ΙΙΙ, 1910. 3 01, 1710. 31111 11111· 01111110, 111 11111110 1105 11111115
11110111111 1111 l⁰¹' 01 1111 ¹1⁰ 5001110111 11111111111111111 1111111ιο 5111110111 110 bons 011111010105, 11111 0011011-
1111111, 511111, 1105 111101110111 111011110111105 1111115 10 10110.

(1111111110 011111010105 0011011111105 ,10 11“111 1111 1110 501111 11110 11“1111 110111 11111111110 110
111111115, 011 11111110111101· 1105 11111“01·0111·05 1111115 10, 11011111101110 1105 111110111105 (1511111111ίοομ 1111115 105
1110111105 11110011111 (fllczfronidce‘, 01 1111115 105 11111105 1111111111111111105 1111110101111· 11111110 1105 111011-
11111105 110 111 lro 1111110 011οῑ 10 Com'lera). (lin-z 10 001110 Ewydice 01 105 Ρ11111 1105 (ζῳω-
1Ι1οἱ1111, 1111100 1105 111-1111111105 110 50 111111111100 11110 1105 11011 011 1101111115 01 011 11111010, 01
111115101115 05110005 1111 001110 Eurydice 0111111110 1111551 110 ,10111105 1111111111115 110 111 1111111110 1105
(ysmotlmislw n'nnl 010 11001105 1111011 11111110 11101; 011οκ 105 11111105 0011105 1110111111111105 101, 111
1100 1105 111-1111111105 1110501110 1111 1111111111001110111 11111101111”111·1110 10111111115 111011 11511110. 1Ι’111·111111111·0
1105 11111111110, 1111100 011 1101111115 01, 011 11111010 11101· 11110 111110110 11111011111111111 1111111· 111 1111110
1010111ος 105 05110005 5011101110111 11011101111105, 0111111110 10 8111111111·οΐοε ostili& 01, 10 (Ϊίνωῖιιηα elon-
qata, 11111110111. ,1115111111 1111 001111111 11111111 11110 11111151111111 1105 05110005 11101·1’·11011105 11111110111105
1111111111115 1105 0011105 Jisnysdice 01 (Jrsmotlwn, 011 00 50115 11110, 01101, 0111 01 5111111111 011οκ 10
Bavsflnvtes, 00 1111111111001110111 051 111115 0111111 11110 01107, 105 05110005 qni 11'1vnl 11115 010
110011005 5111110111 011 11111110 11101, 1111 110111, 11111111101111111 01111011110 11110 111 111110110111· 1111 1111
111-1111111001110111, 110 111 1100 1105 1111111111105 1011101’111·11011111111111 110 111 11111101111011101 051 011
111151111 11110151. 1111 11010111111101110111 111· 1”11111111111011 011 111-011110 1111111111110. 0111· [0101111111 11111111111111111,
01107, 105 1111111115 11011101111105, 111111 11115111111110111 111111· 111115 1111111 0110 1111011111· 10 11110111
11111111111110 11 11110 1111111111) 11 111111110. 1111 110111 0011101110111 11110 11110 10 11010111111101110111
1101’1111111111101101 511111110110111·101111110111011111111051011110111115 511111,111·1111111·-
11111111015 11 son 110 10111 p 1101110111 011 1110111ιο 111111111111·0 111111· 11105 11011105 01 001105
11110 8011101110 11 1101111005 1105 Ι10111105 (1111111111111111111.

1111105 105 1110111105 11110011111, 105 11111105 1111111101111105 511111 00111111101110111 105 1110111105
11111 111-0501110111 111 51111011110 la 111115 1111100 01 111 111115 111101055111110. 1105 1111101011005 1111115 111
51111011110 1105 0111105 11111 010 011 11011 110 1111115 11101111111111005 111115 1111111; (11111111 11111 11111105,
ι10, 11111 11115 0111 1111131105 1111550111, 0110 0111111111005 0111111110 011111010105 (10 11111111105, 111 11101110
111111111, 11 111 11111111111 11011110 01105 — 1111 111111115 1111111· 10 111111110111 -- 0111111110 011111010105 00110-
11111105. ,111111101101111 101 [attention 5111· 105 5111011110105 11111151111111111111115 11110 105 11111105 1105
1 11111105 111151011011105, 011 11111110111101, 01, 111111111 01105. 5111111111 001105 110 111 7⁰ 1111110, 11111 51
5111111· 1111111· 110101111- 1111111105 11 131111111111111, 1111115 10 50111 001110 011-(11111111, 1111 11111110. 11110
11111111111110111 105 11111105 110 111 7⁰ 1111110 1110501110111 1111 1101·οΙ11111101110111, 1105 11111111110; 111111111,
10111· '2⁰ 111-111·Ιο 101111110111Ξ 1⁰r 111-110101 051 1111111100, 111111111 01 11111111 110 1111115 5111110111 11111111105
10 111110· 1105 21 11111115 1001111110 011οκ 10 (Ὗίν. [1010111151Ἴ 111111111 00 20 11111010 11“051 111 1111111100 111
111111111, 111111115 11110 1·”051 10 0115 1111 30, 1111 '1⁰ 01, 1111 [³⁰ 11111010 (sir.com-harum 01. (Ϊ1”1·.0.1·1“1111’111.
1111οκ 105 05110005 1111 001110 Ifzmysaelice 01 01101, Ι1· Corallznza 11³‹17-2nae‘11y1'i, 1111 1·0110111111·0 1111

