2 To 34

3. 110110 111151111101110101· 1111111111 11011105 11·οῑ 1111101105 13111111 03 1311110 03 111
Ι)015, 5111011111 11110 1 11113010 Grzul7 1111 (10105 8111110150 113 1111111111011113, A 1110111111101·1105
Skasl 113 111 11015 1111 110105 8111110 111011 5111510 111110 1103 0110 1101111105 111011 Υο15011111011),
1111101111011105 8111111 og saerlig 11011 10111111· 0 1110113110 111 11015 Led (5111111 8111110115
1110113110, 11001 11011110 1101111105 111011 5101 1ῗ111513113110111, Ρο 11 1101110110115 1901111, (11)·110115
03· 111111011111011 1101110111, E 1111110101110, 51111113 1901111011 111 110105 ι11110 11031111111101· 113 110105
ι811111111113, 11111111101101105 ι1110151 1”01·511]011130 1113111113, 110 5 101 10510 11111010115 Side-
11]011101,511151011010101151)3·”Ιῖ10111111011105110111151111111’1151)’1·111011’1“01110
03 811111111101111110 Meg-et 0110 013110 11351111 11101110111101105 [115111 111011 51111101, 111 03· 111
0351111 11010115 511111111111· 01101· [asm- 111011 111101 111111 1113511100, 1301111011 01 110 10110510
Ρ1001101101 03 011110113· 1Γο1111011 111 ,1110001111 111115011111111 30110 111-[5111101101.

Et Mmrkc, 1101 111111 11011 11010 30111, 111011 1103· 1111111 1101111105 111011 Υ11151111111011, 01
1103001015 1111113110 1 1Γο11111111 111 11015 1110110, 1111 1101· spinei· 111-1015 Κο111111111111115311111 11111111
jes: 1111010 11111· bonum-ket) 011 5101· 110110. 1101111011110115311111011 03· 1))’1015 111010 01101 1111111110
1111]0110 01101 111 1111111 111010 01101 1111111110 0111111510110 ’1115101111 11111· 1130101105 011 51111· 11111-
11)·11οΙ50 111111 1101 111110110, 111011 1001· 11111111111010111051901111 150 5101113· Το11.Υ111, κ’13. 1 11 113· l 01,
1111 110 110510 111 111550 111111110 0111011111110 1111151011 110111111111110110 01101· 11011 1110, 403 vil 0111103
110330 5101113· 1111011111( past 110110 1301110111, 11111111111101011105 Foru] 1111111 11051111105, 111011 01
Par 111 110105 11011510 1111011101, 110111113· 110105 11113·11]111·1101· 03 110105 511111111113, ikkc 011111 [1011-
03105. 111 0111101 af 5111111110 111-111111 101111110113 1111110111101131 1111131110 01 1111101101 01 110 1110111111
51111130. 11111·Ῑο 1111101011, 113 110111 13011011011· 1111131· 1101 50111 01 1131131 Mai-sko7 111 110 1111111ιο 50
0110 5 01101· kun 110 4 111 111550 1111110 Led, 5110 01· 1101 0115111111 1011105101131, 1111 1101 101101
0110 1111301 11111011101· 111111111101· 01 5111111110 Art. Antallvl 01 11011 1 ,111101111111011105 113 An-
101111011105 51111101· 01· 11110 )·110151 101151101131, 111 110110, 1011 110-’1010 Ta! ikke konstani, 113
1105111101] 01 110111111101101 1 1101 111111115ἱο ikke 011111 1101 110-51011 01111131 5011 51011 11115 1111111011ιο
50111 hos udvmne Exemplarem 11101· 1111131 Α11101111051111101Ἱ10 11011 11111030 11110 Dymis 111011
0111111301131, 1111111 111011 ikke 1031101· 101· 511111111, 111011 111301 [10115111 111 11111011110115 03011
1111111110 1011011011 113 111 1110]1[10115 Romu-amnon. Farvon 111 ιἦ»1111115οΧ0111111111·01 01· 5011111130113
1111051 111 111130 110111, 1101 1131135111 1101· 1111101. 1 1111111011111011 110 11110 1115101101101111110,
50110, 510111011113 30115110 11011111010 ιδ’110111011101101· 010 110111111011011110.

1301111011 111 110 Γ) 10110510 1101010115 ι8111011]1111101· 1113110 5101110105 11110 311110 11115-

1111011101, 111011]03 11111· kun benymet 110111 1 1111111110, 1111111, 1111 110 010 101151101130 111 1105111110.

311111, 110. 10110510 111111011 0110 101151101130 111 50, 113 ,103 110-51111011 11111110 3111Ιο 1110111011
1110111011. Ι 1’1·οΙ1[4913111011ιο 111 110 11010 11)·1· 010 111550 1111111101· 1111111 1031101111 111011 (11111111,

51111 110 1111111ιο 1101111105 111 011 115 (111111, 111011 111551· 131311101· 1111111ιο ikke 1150, 111111 1101-11011
1101011110 1111110111, 51111113 ikke ludin›jningcriw 111111 1111111115 1111101·5ἰ111·; lixis 110110, 5111111111 1111110

110101 11111111111111·11111· 11011111111101, 11111110 011 111011111· ¹¹5¹* ’1031110301 111-101 11111111·1111130,

