117 303

11. Nerocila bivittata (11155111.

As 11011110 Art 11110 Jeg 1111110051101 01 51111110 111111 0. ‘25¹”ffl 1110110110, 111151111 1ι1“ 011
1111511110· 8111000150, 111011 1101 11111110 011111111 1(111·1111100οι1 111“ 111, 11000 011 1111117 11101 11110110-
1“11111101·1105 11111111111110150 150 11111100 Cer-attollam) ikke 1110 1111111100111111. (Pullus stad. Il'‘¹ 111ιο
]00 11051111 111550110001.1 De 1·’1101111(10111000, 011 111111111111111105 3111111111010 1111111ιο 1111110001111 11111100
1110015 11011 (1081111011, (11111505 1011 1110510 511001, 110 1Γ1101111110111000110, 111011 11111-
11100150 111111101101111111001105 11111111111111·151·, 000 ikke (1011111111011001101100
111110 11000 11101· 51111 511100 1101111011ου 511111 11115 (3001110111011150 50110001.

1101 111 1100111051 1101· 111111 110 110510 Δ9101100 11000 11151010111101101 111 511111100 1111100011-
500110 1110110111 11011110 19110111 og Rocinelm 1111 110 5101111110 (11000115 i 110 110510 111-5001110000
Γ111“111)111.

1010110100 1111111 1111101101 111011 1111111111010110 110110111011 111 (1011 1110111111 111111 (rab. λ,
Pis-mh 110 50011001 101111011 51100111 10011151101110011110, Pande, ,11110111100110 (10 1101117 51111 000

1111100011500110 11110110111 11011110 og Rocmela 11510. 11 ikke 511111001ΕοΓ 51000.

l. Clypeus 110 „Lab 011111 (1710. 3, 11 110 151031111 (11111110 011 1110511111 11111001, 1100117
1111501107 1011111101ἰο 111111 1“Ι1ι110. l, 11110 11 111 11910. :3 11Ἶ 111 01· 1111111ιο 0011111110111100,1 111001100011111·
110 1111001 5111000 01111 11011 11151 0111111115000110 1101 111· 1111110115ς 1111011100 1101 111510, Δ8110101 11111105
111111 11100 1911,Ιο 011 110011 110101111110 111· 1111111000 111111, 110 1111105 13111100111111011 111 [1111011111 11111105
011 111110, 51111111000, i Α11111101] 110 1111001 1111 111 Sim-11 11000 11111100 110001 1111111110101, 511111 110111011

[11051011 001 111111110101111110.

’2. 11111111111111100110 11³1:ss 3, ‹1, 1⁵12. 1'1 11 110 Ι““1’0.211’1 1111100 1111511111101 1011 1ἷο001105.
110005 (11511110 Τ0011101101 01· 011115110 1110111101 1ι1“ 110 11111101· 1111111111010, 11011 11100510 1910011011(οἸ
00 1100101 111111011110111ἰοΙ og 51100111 111111111 110 11111111 1501 1011 110110111; 11051011, 1101 [11111 1111101101
111111011110110 Parti, 01· ,111-011051 1011 1111111111, 111110 1111111011 1111011110Ἰ 110 11011 11110 1’111[11·0(11Ιο11
1100011110 1101 1111110οι· 110111101Ῑο i Brcdc 11110111 110 511011111100 i 511 κ’(1011111 111101111 1111001 1111111100 1111
111 sulen 01111 11115 [ἰοείηρίας 11010 11011 11110111011110110 11οΙ 111111111111111111011 11111000 11001111· 1111511111101
i 11111111115 1“011 (1011110 811001. 11011 5111510, 1910011011οΙ 111” 111111111111111011 1111101· 11111115οΙῙο 111111111
11910. 1³, 111 110 0111111 115103 01 1 Yinkler, (101· 1110011ιο 510 11011110110 111 111, 111-00, 0011οῆ 110 1111111
11111100 1100 51111 11111 511111 11115 μΕῃιι 81100111110111111111110 111111 110110 sunl, (100 111011101οί 101
011110 i 19011111οι· 111111 110111111 111 1111111111111110115 51111110 1·“111·11111110150 111011 [1111011015 Α*110101 (10 111011
Ρ1101ιο1111111001105 ἴ110011]110110 11011111 1011 11011110 1111111111111110. 1101 111111111 1111101111. 1011111101Ῑο
korst- 1’11011 1111100 110011000 111011 5111115011, 111110 1101 511111111011101111105 51100111 111111 51101111 (10
111511110005 1111001 511011111, 51111 111 1Γ1101111101101, 111-0 111111011 01· 1011111101 1111 i 011 111111011 110 5111115
Taum 1111111111οΓ 111 111 11000 1111110 11111100 1111111011 111’ 111111011111, 1110110115 11011 51101111 11111000111111
001100 510 11111 111101111 og 51100111 110111111 i 1111111111111011; 11011110 11111000111111 1111111100 011 01111511(-

311”

