185 421

j'iffllique 105 0111501151, (11101111 1011101105 011111111ςο 10 11101110 0005515501110111 1111111· 105
11111105 1111 11101110 11111111111, 1011101105 11015 105 11111105 (111 1· 010 1111110110 01 111111111105
001100501110 105 11111105 11105 11011 11115 01 105 111011105 11111105· 1105 (111100011105 05110005 Ξι
11011 11005 (111115 111 11101110 110511111111 10 11101110. 11011101110, 11 010, snivi 110111· 111 001100501111111011
(105 111011111005 11110011111. 11010011111111 1105 11011005 11 5111110111, 010, 115507, 1·(1ιιι1111(1ιιο0; 105 01111-
101105 1105 11111105, 11111· 0101111110,1 0111 010, 1105511105 (11111005 1105 111·0111101111111151111115 111 0111001110,
1“1 111 1111111001· 1011115111150, 1111115 1111111· 111ιο 105 1111111005 10550111 111011 0011111105. 1111 11 11011110011550
105 11111105 (10 ia giycfirine 11111 3· 1111110011117 1111005 111101 011 105 11 (1055111005 1“1 111 1111111001·
11100010 50115 1111 1111000500110 110 (11550011011.

Dans 1’111101’ςιι1115100111110 (11. Miz—255), 50111 1111111111005 1011105 105 1111010111105 11111111011-
110115 et, 1111111· 111 110010(Ιο (10 181113-1889, 5011101110111 105111115 11111111011111105. 1111111010ςο (10 M.
J. (1. 3011101110, 1( 0011511 y 001105 51100111111111, 051 munins· 011 (1011111, ι10 001010 5110111111505
1101105 000110001105 1111111011]1011-11111511111101111105, 1111115 110 111ιί5 111111101100 5115)’511’·ι11111111ιιο 111 11110
11110110 110 505 001151110011110115 1111101111(1100111005ς 011 00 11111 011110001ιο 111 111110111111111010 (105 11111-
011111005 01 11051101105-1111“ι1·11(111·05, jc 51115 151111111110 1101110 0000001101] 1111115 10 1³,ss 11011010 110 111
'2⁰ 1111100 (10 11111011010051 1’111101·111·1Ῑ·11111011 11110 1111 05110501·Ἴ 11. :voti—510, (111115 111011 0051111110 (105
00511111115 11110 1’(Ὰ11011111011 110 111 «1111111111111111 11 0115 110111· 111κ110111010 01 11111011111111110. - Lo
Balligsnomsns A. Miluo-{idm 051 11111101 (111110 11150115511111 (1011111100 111. 25911 (11111005 111 1101100 (10
w.1³111101‚ 105 111-,0111105 1100011115 01 105 11111105 111001101111105 (1111, 011οἉ 00 301100, 11115111111110111 111
11101110 51011011100 11110 01107, 1111 011-(11111111 ἐι 11111105 511115 1111115 nummu-es: 1·“051 111111011110110 11·
01111110010 11 1111111111110 1105 Cirolam'aoe 01 110 111115 1110 01111001· 1“ι 1111111ιί0111 (10 M. Α.ΧΙ11110-Ε1111110115.
11111 011 fait 10 1)·110 111111 11011101111 00011110. 105 «111)]1111111111111110115 11011111·1111“01·05ι1, ,10 11115 11111500001·
111. 253) qu'ii 051, 11111105511110 (10 50 111011101- 11110 11100 0111100 (111 Ι001100 Corz'lcma, 01111111 1101· M.
110551111111117 0110 1111111100 111115 10111 111. 2.·31ᾉ2ῖ15) 111011 051 1101110111 11110 10 genre Anacropus
1101111. 11111111011011110 11 111 (1101511111 1105 1501101105 (10111 11 051 (1110511011 ici7 0111· 105 111-0111105
lun-caux 50111 0011005011105 (111110 11111111000 11011110111111 10011 111011111111010, 01 11111111111110111 111 1ΓΟ
1111100 (10 11111105 1111101101111105 01 105 1101111111105 (1111000111 11011110111111 1105 111011105- 1100111105 011οκ
tous 105 3111005 animum 111111110101111111 :iiix Crrolanidw—(Iismollioidoe. ξ 13111111 jo 111011110111111
1051101110111111101155110111110(1051111111010115, 1887, 110 λ1)1.111111“11011101111100,
parce (1110 005 1111101105 y (1111 1111111100, 5110 (105 1011101105 0101111105 01110005 1111 Ceston elegmns,
11110 les 11111105-1111101101105 50111, 1011115100111005 110 11111101110 111111110007 1111115Ι 1“ι 1111 111011 111115
1111111, (10310 (1110 011οκ 105 10011105 0111111111005 (111115 00 travail, ot. 011 11101110 10111115, 11110, 111
11001111000 1111100 (10, 11111105 111011111111·1005 051 001151111111110111, 011 111011001110111 01 1100111111 11111· Ι;“1
1111 0011011111 (101111 1111115 1110111110 111011111111·1(·0. 11015111111111 111 11111111011111111 110 1111100000 1105
110115 1111101105 10111101115. ,11111115 10111110, 011οκ 105 1011101105 (11110005 1111 Ι00111111(ι (ἰ’1·11[111111- Cymo-
moa, 105 ,0011111105 1“111·11111110115 110 11111101105· 5111· 105 11111105-1111101101005 01 5111111050 (11101105
(1001110111 500110 11 faire 11115501· 110 101111 1011ῖο110 1111115 1110111110 1110111111101007 Ιις1111111050 111ιο
00111101110111 105 011500011110115 (10 Mu. 11111011 01 1101111100 5111· 10 (1011011 demtus. ,10 111115 1111
00510 000111101- 101 11110 0000111· 11110 ,1111 011111111150 11. ‘2513 01 9155. ,11111115 011 01101, 0011111015 1111
10110 (111 ml. (1111011 01 1101111101· (1110 11· 0011011111 1101111 1111111 (1101ἓο 1111001000 011 11111111, 11111·
011115011110111, 11110 101111 511011111 110 1110111110 111011111110100 50115 1111111111511111 110511111105-11111011111005
01 (10 111 1ΓΟ 1111100 110 11111105 1110111111101005; 1111115 011 0001101111111 111115 111011 111 1105111011 11110 Ι1·

Videusk. Selsk. Skr.. (j. lhelzke, naturvidonsk. og matlium. ΑΜ. V. 3. 51

