187 423

01111105 1105101101115, 051 1101011111110 0111111110 1111 0111111010 (1011111110 par
11110 51111110 011111101111101111111111111011111011110. 8151111110111050110011011111-
110111111111115011111111,1111111011110101111110 011111011111110,1111011111·1111101011(ςο
11111151115111101111011051110111101105; 001111111011111000510111111, 50115 01111110
11110110010 015010111111151111111111101111101101111111110111101110011111111011011
11011015.

110111 0115111ῐο 111. &ms—2138» 111 1111151011 1111 01011110 Cirolaua—Cymollzoa 011 (i
1110111105. Cethe division 0515111·10111111151’·0 511111151111011110 110 1111111110110,
11111 01107, 0111111110 1111111110 150101110111 051 115507, uniforme, 1111115 1105 1]1111.10111101·0 01107, 011110111ιο
1105 ἵ) 111-0011010511111111105. 01 105 1111101011005 011011011105 50111 11101110 51 0 111111105
1111“1151111111101001111101·1110011110115507, 1111101111111011111100111101101110 110
111101011“1111111111111111 110111· 11010111111101111155110111111111111101111111101Ιο 11
appartient 151 1011101015 011 11051 11115 10111110 5111 11110 1011101Ιο ἐι 0111111105 11111105 1110111111-
11·1005 11111 100011110111 011 1105 grande 11111110 105 111-,001105 lun-caum. 1111 1391111111110, 00110
1105 (ᾖχιιιοίίιοίᾶιυ, 50 1111111100110 1101111001111 11111· 111 51111011110 110 111 110110110 1111 genre Rom-mela
110 111 1111111110. 1105 ⁴*Eg‘u'zlaq 1111115 ι5111 1115111101ιο 11111· 105 «5111105 1105 ⁷1⁰, (50 101 7⁹» 11111105 110
11111105 [111011-1101111105. 1105 ειμι-1110511 50111 1111111005 01111011110 1111 7⁰ article 01 110 111 griffo 0110-
11101110, 01 005 110111 0101001115 501111110111 5111110111 11”011 111111101- 11111111. .Ι“111 1111 10510 0011511110
11110 10 1101010111101110111 1111 ΤΕ 111-11010 01 110 111 ,011111-Ί 511110111 1105 11111105 1105 1101105 111110110111·05
01107, 11111105 105 1011111105, 051 011 1011111011 11101· 111 511·11011110,110 111 110110110 01, 0111110111101110111
11101· 00110-01, 1111111111 110111· 105 11111111105 105 11101110015 011111010105 11105 1111 5110010110 10311-
111011111110. 1,0 0111111001110111 110 5010 110 50 1110111111 00111111101110111 11110 01107. 105 Cymotlaoiclce.

1111115 105 1111005 511111111105 (11.2158-4111. je 1011115 0111111110 1105 11111105 110111111011505
(111101011005 1111011 110111 11011101· 1111115 105111101505 111111105 1111 5110010110 100111110111111101 j‘en
011111111ιο 111 111111110 01 011010110 51 01105 1101110111 501111· 11 distinguer 105 50105 0111111111111· 1105
011111010105 51100111111105 1111 11101110 01111011111105. 11011111101110111 11 11111110111111 111115011111111
111. 21381, Ἰ10 11115 10111111111101 111111 111111111011 110 1105 11011110 110111-0 11111111 11110 1051111111111111 51110111
Ξι 1101111 1101010111105 01 11101110 111115 tut (Qflnotleoidam 1111115 ι111“11 11051 1·111111111“·101110111 11010-
11111110 11110 101511110 1111111001 051 1111111101 01 11110 511 11111110 1111111111 501110111 1111 hou 0011101010
5110011111110. 1111011111011115 11101110, 0111110111101110111 11101· 51111 111-101110. 1105 011111010105 0011011111105
(Eurydicen. Les 1111101011005 5011101105 50001111111105 110 511111 111011 011111010115005
11110 011οῑ 1105 05110005 1105 0011105 Eurydice, Coralhma 01 Alcimum clwz 10 Cor-allana tri-
cornis 01 10 Cor. quadricornis 01 5111111111 011οκ [Eurydice eleyuntzzla, 011 1101110 1111115 111110-
1011105 111111105 1111 0111115 1105 1111101011005 5011101105, 11111 50111 111011110011005 11. 2155} et 0111115005
111115 111111 011 1111111 1111115 10 0110111110 11111 110110 110 111 110501111111111 1105 ι0011105 01 1105 05110005.
ᾖ 1101111100, 112711, 105 111111101111111105 110 51111011110 11111 1’1;1111·111550111 1105 011111010105 511001-
11111105, 01 11115 0115011οΓ 11110 0011111115 0111·11011ἶ“105 110111 105 1111101115 50 50110111 501110111110110111
011-0 01111110105 11100 1101111001111 110 011-001151100111111. (sest 1111151 11110 10 1101510 110 00111111011011
110 111111111111 ,10110 1111 1105 grand 1010 1111115 111 1101011111111111011 1105 1011110115 011110 111 10111-’110111
01 111 111100111- 1111 0111115Ἷ 011110 111 1011011001 101111110 1105 5031110015 01 1111115 111 11111110 11111111101110
1105 01111111’·1·05; 105 1111101115 111 11001110111 011 0111101111, 1111115 111 11111110 1111101101110 1105 0111100105
051 110111111111110 111115 1111 11101115 01101100, 01 10111 11101110111· 0111·111·11ἶ’10ἲ 11111 11051 11115 111111101101Ἰ
1101· 111 00111111011011, 11 51111111· 111 1011110 110 101115 angles 1105101101115 11111057 11051 11115 10111111

«Μ’

