(3⁴.) 305

λέν11οἰ11ί5, ju 01111110 1110 1111001 1111111110 10111101110110 01111 1111111105 110 1 1111·-
5111011100 171111111111 11511 1111110 11101· 1111111 leoz-inclffi 111 1115511 ὒ111111111010 1 1111015
111111-511111111111 1111010110 010 1101-11111110Ι 1111111111111011011011111111111101111 111111-
1110110· 11115111111101, 1 1150011110,, 51111 1111 511111 1111010 01111 Νονοο1ἶὶιί5, 111, 1115511 (1111-
1111111101501· 111115101105 ,111-,1111 111011 511111111, 01101511111 111101 11111111105 111 111 111110 1111 1111111111Ι 1111011
111111, 110· 111 11011 1111110 1111115 11110110111111101· 1111110110 010 1111111111 111010 111111111111111110 01111 11115
lion-[uela.

Ᾱ1 11115111011100 111-1111115110 1111115111 111 ,100 1100111110 1111111 ι811111111101111 111 111111 11111110,
111011 1111111, 111000111010111101 111111, 1101· 011111· 1ζ1χ111111111111-31111111011 1 5111 1111151 111111111111115115110 Ι811111-

1101511, 110 511111 1111111 1111111111 111111 11101101· 111111.

α. Den aeldre, men ikke aeggebaerende Hun.

1111111111010110 1111111100, 511111 110110111111 11910. i), 11011 51111510 11111 111 11111011015 1111

111111110110110 111110151110, 110· 110 1111111111 11051111 5011 111511111111011 01 1101111011οΙ 1111111101101 1’111·11.

Ι. 1111110115 110 111111111111 (saux 1·’10·. 1,11ψ1·) 1111011110, 111511111111011 011 111011111111110
1111110110, 111111051111110011110 111111110150, 1101· 5111111001· 111111 1111 1111 11111011015 111110151110, 110, 5111
110110111111, 11111· 19111111 1111101111111111 1111111101011 111 011 111111011111110. 01101· 11111115110 5111111110 11110101111110,
1111111”111·1111111 110· 8111011111110 111511111111011 111111110 1111 ,1111111 11110 111 Foru} 511111 011 1111110111101,
11101111115 111101111111011 01· 511101 1101111111111101 110· 1 Midum 11111 1111111111101. 1711151110 1101·(1101511101
1110, 1110511111 ι11111111 11111111110110. 11011 11010 1111111111151· 111· 51111 111011, 111 11011 111011 51110111011101110,
1111111· 1111 111 111111111111111111111111011105 ’111111011111110 110 11111111001· 1111111. ’315 111 11111011015 ’1’11ι·1·11111111;
1111111011011 1 11111111111011 01· 1111111. 211, 111 1111111011. 1111111011] 11111111001 1111 101, 1111511110 Part 111
11011 11010 1111111101511, 111011 110115 111-1111111501 111111111Ι 111111 011110111105 1011 111 11151111010 1ἱ11110115-
111111111111 1115111111111111 110 101150 1101-05 1111110 1111111011 11·’10·. 1111. 111-1011115011 1110110111 1111110115 110·

11111011015 19110101 11111· jug 111110 1111111111.

’2. Ι1’111111111111111,1·1111. 11910, 1,11 110 1910. 1 111 010 11050111110· 1110011110, 5111111 11115 λ’111111011111

11110· 111· 110105 1115111111, 111111111 1111101111 1111111 11111 1101101110 110· 51111111010, 110- 1101 0111101· 1111111 111011
011 11110, 111111111 110· 51111111 111-1101 111111111111101, 111 11011 1111011111 1100011110 11111011111111 111· 1111111111110·
11111111101, 110 1111111101, 51111110 1111 1111111 1111110111110011, 1111 101 11151 011111111501·01 1111111, 1110110115 11011
1111005111 1101 11111111 01· 11111111011 1111001 1111 1 011 1111111111οι κ’110· 11910. 1111, 11115 1111111 01· 101111110111,1
511101, 011111111501111. Der 01 111111 111100 1Γ111·5111”01 1110110111 10115110 11ῗ10. ’101 (10 1111110 11910. 111)
11111111111111105 1111101110 111-11011 110 11311110111111111.

Ρ111110115Ι ‘2 1111510 11011 111-0 51101111 1111511111110110, 211111 11011 11110111 1101101110 01111 1510,
1111111105 11111111 1111151111· 111111 Υ11011·1111110115 1·’111·11“1111·1ιο; 111110 111111 01· 101111110110 1111111, 111110 1110001
11111, 1111011111 01101· 111011 011 01111011, 1111111110111101· 11111510. 1’11111011 111151111110111· 1111110010 1111

1111111111111110115 111101111110 01111 1111 110115 1111111510 11101111111110.

