426 ' 190

(165 111111165 1165 1111111111111116517 (16 50116 (1116 165 1611161165 111-1111165· 116 1161116111 56
1111111111· 61165-111611165, 1111674 111 somello (1111616 (111 Κουίιισᾶι, 11111111111116 (16 6106111115
Ξι 161116111116 (11511116 (165 11111165-11111611(;111·65 11 (1151111111, 111 ,²2¹³ 1111116, (16 1111161101165 651 1111 11611
1111111116, 1116(- (165 110115 5111· 16 110111 externe7 111 ΙΝ 1111116 (16 11111611111165 111 611 5’11111111615511111
61 651, 611 11111116 Ι61111116 (16 (1111161 le* long (111 1111111 exterum 161165 50111 165 (111161611665 611116
16 1111116 61, 111 161116116 11011 0111616, (111116 1111117 61 111 16016116 (1111616Ἶ (16 11111116.

1ἶ11 1111116 11111111 (1111 (1011 6116 11161111011116.1 ‹ses-t, (1116 6116κ 111 1111111116 (165 Ctsmotlwidre
61, 51166111161116111 61161 165 10111165 11161, le (feratotlzoat (10111 111 51111611116 (16 111 1111116116 56611116
16. 111115 (16 66116 (111 1106111610, 10115 165 0161111115 1106611111, 11 11165016 11116 [1111101111 61011,
511111556111 1111 6111111661116111 (16 1011116 111611 1111110116, (16 50116 (11111 y 11 11116 (1111616066 1165
1101111116 611116 111 5111161016 (16 111 1111116116 61167, 16 Ρ 1111115 51111111 lldi 61 chen 111 grande
161116116 511115 11111165 111(·11110111665; 165 (111161611665 50111 5111111111 111111111611165 (111115 16 1111111110-
61111605Ἰ 16 1111116111011 61 165 111111165 (165 11111111111111165 61 165 11111165-11111611111165. 1165 ligures
(1(- 111 mx 111011116111 61111161116111 665 (111161611665,

κΖ111111 je 11161111011116101 11116161116111 deux 11611165 1661111611110115 (16511165 611105665 5111·
111 11111111110101116 (165 111-,6111165 1106611111 (111115 16 6111111116·1611(111 (165 1650111115 0111611115 (111115
1“(·,1116(1111011 (16 111 «(1)1,11111111111111, 1111 111-61111616 651 161111116 1111 Ι(1116111111 1110111115» (165 1111111(111111165.
,16 61015 611 61161 11111111161111111, (1116 111 11111116 01116116016 1611116 61 6111115516 01116 11111115 11111111111-
111111 111156 110111· 111 1116111111 11101111151 61 111 11111116 Ξ( 1161111 1110116 61 1116(- (165 50165 (1111 651
5111166 (16111616 (10116111 6116 11116111161665 6011111111 formant 611561111116 111 1116111111, (·“651-1“1-(111·6
1111 10116 611 partio 11 1161111 1110116 61 11111111 (16 50165, 611 11111116 1611116 611 11111111. 61 (1116 6651
511 11166 0016116016, 5011146111 1610111166 611 1111 111111011661116111 601111 61 6111115, ’(1111 116111 6116
1111116166 «cuspis 111611111611. La 56601106, 166111161111011 11 110111· 011161 165 '2 101165 16111111111111 (1111,
61161, 111 11111111111 (165 1501111065 601111116 1111551 61167. 165 (Ἳὶι-οῖιιηέιίιυ, 56 1101116111 5111· 111 2011111111
(16 1111161101165. (Ios deux 101165 1111165 61 (1111665 611 arant, (111616, regau-11:11⁵ 6111111116 111111111-
161111111 1111 ‘2⁰ 11111616 61 601111116 111-(1161111111 116111-6116 (16 111 (111151011 56(·011(111116 (1“1111 11111616,
ι16 166011111ιί5 11111111161111111 (111115 11111111111611116111 11 (111 56111 11111616 116 1¹1⁰ (16 111 1111161101161, 6111·
,1111 6011511116, (1116 16 111161116111 (16 611111116 (1116 ju 1116111115 111015 110111 16 >5⁶ 11111616. (011. 611.
Pl. XX, Fig. 11161311 651 1660111611 (111116 1161111 1110116, 61 116 116111 11111· suin· 6116 111161111616
601111116 111 1111101 6111111161156 (1’1111 11111616.

